43 -7.972768069358013
30 -9.16955713817791
65 -9.458360748850147
49 -7.9095922382340484
24 -8.842297646846143
67 -10.211748096385389
62 -7.6677933986106455
56 -10.532829393059504
59 -8.089907788899156
38 -8.731494308601139
31 -9.253576472723442
48 -7.981434996627232
58 -9.104722137552592
41 -7.36469460456475
29 -9.615990261028562
54 -8.154122931655607
47 -8.307509057565314
26 -9.140895102704153
55 -10.602396823587943
20 -8.489941400841488
57 -10.44178175916187
42 -8.440445076820488
35 -10.107245655268887
44 -9.917704560506806
63 -8.534984817342927
69 -10.681265871477597
52 -10.362912711272216
19 -7.527281630816301
68 -9.74778787871952
33 -8.580129170712762
70 -10.271865077374581
53 -6.975852817134621
64 -9.392946508179362
39 -7.1750962694605125
37 -9.965946913207425
23 -7.889826361741985
60 -8.118384378126308
34 -9.941333331161221
36 -7.417373541693642
46 -7.834893233329341
