43 -11.830599205896986
17 -8.911865077374582
28 -6.151115093581259
22 -10.192996029484927
16 -9.206589466925548
30 -11.59111509358126
21 -9.666751340340946
24 -10.251138722857421
38 -11.289400794103015
31 -11.830599205896986
41 -11.181714299478244
29 -9.172829393059503
26 -10.12342859895649
20 -10.602396823587943
42 -11.421198411793972
35 -11.421198411793972
44 -11.421198411793972
18 -10.88
40 -11.090666665580612
19 -10.640515887684273
33 -11.011797617690958
27 -8.387787878719518
13 -11.181714299478244
39 -11.421198411793972
32 -9.463705948184813
37 -11.421198411793972
23 -8.933345280743778
15 -7.618801588206029
34 -11.090666665580612
25 -9.70588091023618
14 -8.26298017095584
45 -11.090666665580612
36 -11.181714299478244
