338 -10.725037040862702
43 -8.672380965058856
235 -10.091494308601138
234 -10.315636246759688
30 -10.532829393059504
1 -11.289400794103015
237 -9.520000000000001
227 -10.725037040862702
266 -10.500895102704154
206 -10.091494308601138
67 -10.140067459683626
156 -9.70588091023618
31 -8.814821041766074
289 -10.88
61 -10.076152134443962
167 -10.640515887684273
165 -9.206589466925548
41 -9.756538268326876
7b -7.371494308601139
54 -9.280515887684274
215 -10.566589466925548
57 -10.640515887684273
42 -8.911865077374582
35 -7.132010196285412
252 -9.682093514498124
336 -9.792896852743128
290 -10.532829393059504
155 -10.470599205896987
164 -6.743705948184814
7a -9.965946913207425
224 -9.630053794368541
84 -7.551865077374582
254 -9.520000000000001
23 -7.04542024766306
251 -10.211748096385389
256 -10.640515887684273
50 -9.666751340340946
231 -9.991630981265534
15 -11.011797617690958
124 -10.091494308601138
25 -10.251138722857421
163 -10.975990261028562
